17 16 17

19 6 1

20 3 11

0 5 18

7 17 5

3 4 10

21 9 0

8 0 2

17 15 14

13 6 13

10 7 20

5 4 19

4 0 15

13 6 16

7 19 2

10 11 19

10 0 16

3 16 16

0 15 12

9 14 10

10 8 12

14 13 15

15 17 21

17 8 17

17 4 16

11 19 12

18 13 0

6 19 19

0 17 9

3 7 1

2 19 10

19 19 10

17 17 13

12 17 11

1 17 19

21 7 7

7 6 15

13 9 21

1 1 13

11 3 6

19 7 2

6 21 13

19 12 8

8 4 8

5 12 6

0 10 6

15 1 10

6 21 11

5 13 21

6 12 13

8 8 10

14 3 8

13 15 18

1 18 19

5 14 18

14 19 0

9 7 20

0 7 10...